Well A

1. Depth(m)
2. P-wave velocity(m/s)
3. S-wave velocity(m/s)
4. Density(g/cm^3)
5. Sand content
6. Shale content
7. Porosity
8. Gas saturation

1        2        3        4        5     6     7     8
3040.750 4111.925 2173.339 2436.900 0.211 0.789 0.088 0.000 
3041.000 4140.513 2221.153 2506.000 0.145 0.855 0.077 0.000 
3041.250 4276.659 2254.542 2556.300 0.137 0.863 0.054 0.000 
3041.500 4294.374 2257.359 2598.300 0.214 0.786 0.043 0.000 
3041.750 4164.080 2261.350 2613.500 0.244 0.756 0.049 0.000 
3042.000 4089.617 2312.501 2614.900 0.207 0.793 0.053 0.000 
3042.250 4137.881 2377.156 2619.200 0.225 0.775 0.048 0.000 
3042.500 4245.440 2381.688 2632.500 0.185 0.815 0.037 0.000 
3042.750 4318.725 2342.532 2611.500 0.146 0.854 0.038 0.000 
3043.000 4259.842 2293.769 2557.800 0.254 0.746 0.060 0.000 
3043.250 4106.425 2241.896 2533.700 0.373 0.627 0.079 0.000 
3043.500 4015.214 2203.554 2494.600 0.395 0.605 0.098 0.000 
3043.750 3987.993 2213.032 2423.100 0.350 0.650 0.106 0.000 
3044.000 3981.003 2281.095 2372.300 0.311 0.689 0.106 0.000 
3044.250 4055.278 2455.695 2346.800 0.317 0.683 0.097 0.000 
3044.500 4109.103 2751.311 2247.800 0.310 0.690 0.089 0.000 
3044.750 4067.872 2800.186 2074.800 0.344 0.656 0.093 0.000 
3045.000 4061.671 2380.646 1942.000 0.419 0.581 0.095 0.000 
3045.250 4100.298 2038.149 1884.700 0.411 0.589 0.088 0.000 
3045.500 4105.991 1911.800 1884.800 0.297 0.703 0.084 0.000 
3045.750 3662.319 1922.101 1936.000 0.170 0.830 0.083 0.000 
3046.000 3698.068 1956.764 2045.800 0.154 0.846 0.083 0.000 
3046.250 3816.454 1982.660 2064.300 0.195 0.805 0.085 0.000 
3046.500 3824.735 2055.878 1962.000 0.147 0.853 0.084 0.000 
3046.750 3776.861 2077.884 1918.300 0.162 0.838 0.087 0.000 
3047.000 3751.878 2081.394 1926.500 0.198 0.802 0.087 0.000 
3047.250 3790.509 2140.714 1935.000 0.188 0.812 0.085 0.000 
3047.500 3893.456 2196.563 1966.100 0.138 0.862 0.080 0.000 
3047.750 3975.259 2173.241 2041.000 0.171 0.829 0.082 0.000 
3048.000 3904.588 2060.383 2026.600 0.249 0.751 0.085 0.000 
3048.250 3720.328 1980.748 1966.300 0.286 0.714 0.088 0.000 
3048.500 3556.394 1998.198 2036.800 0.229 0.771 0.086 0.000 
3048.750 3489.394 2102.251 2218.500 0.142 0.858 0.079 0.000 
3049.000 3685.734 2312.281 2392.100 0.356 0.644 0.068 0.000 
3049.250 4322.510 2649.598 2468.600 0.676 0.324 0.038 0.000 
3049.500 5067.203 2975.850 2514.400 0.844 0.156 0.013 0.000 
3049.750 4980.928 3029.612 2545.600 0.920 0.080 0.018 0.000 
3050.000 4625.661 2897.960 2464.100 0.908 0.092 0.068 0.000 
3050.250 4213.384 2625.950 2168.200 0.760 0.240 0.099 0.000 
3050.500 3781.932 2307.900 1947.300 0.476 0.524 0.086 0.000 
3050.750 3611.687 2111.196 2019.300 0.210 0.790 0.072 0.000 
3051.000 3604.314 2040.033 2141.900 0.125 0.875 0.068 0.000 
3051.250 3615.593 2015.248 2243.500 0.102 0.898 0.069 0.000 
3051.500 3750.899 2021.858 2364.200 0.102 0.898 0.066 0.000 
3051.750 4071.549 2203.302 2459.400 0.318 0.682 0.045 0.000 
3052.000 4530.250 2604.701 2507.000 0.625 0.375 0.039 0.000 
3052.250 4788.001 2922.718 2504.500 0.725 0.275 0.060 0.000 
3052.500 4578.289 2788.901 2447.000 0.765 0.235 0.086 0.000 
3052.750 4304.414 2539.376 2409.400 0.827 0.173 0.090 0.000 
3053.000 4206.636 2521.588 2421.700 0.817 0.183 0.081 0.000 
3053.250 4282.861 2694.347 2436.700 0.785 0.215 0.071 0.000 
3053.500 4456.100 2862.761 2459.500 0.736 0.264 0.063 0.000 
3053.750 4619.650 2889.001 2483.300 0.352 0.648 0.047 0.000 
3054.000 4665.184 2767.217 2476.000 0.009 0.991 0.035 0.000 
3054.250 4644.570 2672.862 2474.700 0.002 0.998 0.043 0.000 
3054.500 4650.032 2694.901 2514.400 0.233 0.767 0.046 0.000 
3054.750 4744.053 2836.021 2557.800 0.469 0.531 0.034 0.000 
3055.000 4829.213 2973.451 2563.100 0.602 0.398 0.037 0.000 
3055.250 4805.167 3002.516 2543.000 0.768 0.232 0.061 0.015 
3055.500 4690.167 2928.541 2497.700 0.940 0.060 0.089 0.421 
3055.750 4541.117 2831.851 2446.900 0.966 0.034 0.106 0.437 
3056.000 4423.992 2745.232 2433.900 0.968 0.032 0.110 0.442 
3056.250 4373.770 2683.925 2440.200 0.970 0.030 0.109 0.450 
3056.500 4365.696 2682.544 2446.100 0.970 0.030 0.105 0.432 
3056.750 4417.539 2740.755 2448.700 0.954 0.046 0.101 0.432 
3057.000 4523.559 2801.111 2451.900 0.919 0.081 0.093 0.404 
3057.250 4614.351 2845.037 2482.700 0.910 0.090 0.076 0.264 
3057.500 4660.469 2884.611 2524.700 0.921 0.079 0.062 0.152 
3057.750 4686.932 2908.865 2533.400 0.900 0.100 0.059 0.181 
3058.000 4666.977 2905.461 2532.500 0.904 0.096 0.062 0.206 
3058.250 4621.234 2892.601 2520.600 0.931 0.069 0.073 0.292 
3058.500 4617.886 2886.867 2486.600 0.945 0.055 0.082 0.289 
3058.750 4710.003 2921.271 2472.600 0.917 0.083 0.073 0.134 
3059.000 4857.269 3026.669 2491.700 0.867 0.133 0.057 0.007 
3059.250 4946.130 3139.481 2514.400 0.860 0.140 0.049 0.000 
3059.500 4891.238 3143.728 2531.300 0.885 0.115 0.051 0.001 
3059.750 4680.398 3009.349 2487.400 0.933 0.067 0.082 0.143 
3060.000 4412.356 2813.686 2361.700 0.971 0.029 0.131 0.291 
3060.250 4225.730 2656.338 2272.800 0.976 0.024 0.156 0.344 
3060.500 4090.146 2580.029 2263.500 0.962 0.038 0.158 0.393 
3060.750 4015.797 2566.341 2330.800 0.925 0.075 0.141 0.471 
3061.000 4072.638 2607.024 2403.800 0.861 0.139 0.112 0.452 
3061.250 4215.898 2691.665 2455.200 0.840 0.160 0.082 0.091 
3061.500 4378.288 2775.949 2511.500 0.880 0.120 0.064 0.008 
3061.750 4480.122 2815.895 2545.800 0.958 0.042 0.065 0.189 
3062.000 4459.734 2821.674 2481.200 0.975 0.025 0.088 0.352 
3062.250 4371.554 2820.152 2424.300 0.956 0.044 0.099 0.334 
3062.500 4321.232 2812.144 2420.800 0.920 0.080 0.102 0.346 
3062.750 4307.750 2783.217 2438.500 0.920 0.080 0.107 0.400 
3063.000 4313.450 2717.209 2439.400 0.953 0.047 0.117 0.507 
3063.250 4351.881 2648.530 2401.400 0.970 0.030 0.130 0.608 
3063.500 4418.032 2659.693 2386.000 0.977 0.023 0.127 0.630 
3063.750 4481.814 2769.320 2394.000 0.982 0.018 0.115 0.557 
3064.000 4527.044 2874.736 2394.700 0.970 0.030 0.110 0.477 
3064.250 4568.333 2908.931 2404.600 0.936 0.064 0.107 0.438 
3064.500 4617.480 2870.407 2417.800 0.899 0.101 0.107 0.371 
3064.750 4661.116 2805.894 2439.200 0.893 0.107 0.098 0.156 
3065.000 4720.199 2795.167 2493.800 0.852 0.148 0.072 0.004 
3065.250 4803.096 2773.394 2544.700 0.823 0.177 0.050 0.000 
3065.500 4817.423 2657.212 2556.900 0.604 0.396 0.041 0.000 
3065.750 4701.820 2486.373 2551.300 0.096 0.904 0.037 0.000 
3066.000 4506.575 2346.014 2536.800 0.000 1.000 0.045 0.000 
3066.250 4324.902 2253.945 2503.800 0.000 1.000 0.064 0.000 
3066.500 4269.084 2238.227 2468.000 0.000 1.000 0.068 0.000 
3066.750 4312.390 2286.331 2506.700 0.000 1.000 0.045 0.000 
3067.000 4391.459 2350.931 2542.900 0.000 1.000 0.040 0.000 
3067.250 4461.649 2385.586 2493.700 0.000 1.000 0.065 0.000 
3067.500 4511.280 2381.807 2377.300 0.000 1.000 0.094 0.000 
3067.750 4525.531 2342.473 2418.800 0.000 1.000 0.072 0.000 
3068.000 4465.930 2303.241 2539.600 0.000 1.000 0.044 0.000 
3068.250 4406.211 2286.056 2563.200 0.000 1.000 0.045 0.000 
3068.500 4403.525 2268.576 2597.600 0.000 1.000 0.034 0.000 
3068.750 4384.190 2232.920 2603.900 0.000 1.000 0.036 0.000 
3069.000 4306.335 2200.935 2553.600 0.000 1.000 0.058 0.000 
3069.250 4256.454 2184.896 2531.600 0.000 1.000 0.064 0.000 
3069.500 4264.322 2216.900 2567.000 0.000 1.000 0.044 0.000 
3069.750 4297.880 2290.577 2602.900 0.000 1.000 0.031 0.000 
3070.000 4353.116 2355.885 2629.300 0.000 1.000 0.030 0.000 
3070.250 4408.291 2411.198 2648.100 0.000 1.000 0.027 0.000 
3070.500 4439.378 2471.124 2640.900 0.000 1.000 0.022 0.000 
3070.750 4508.384 2542.758 2635.600 0.064 0.936 0.014 0.000 
3071.000 4636.791 2623.731 2607.300 0.281 0.719 0.016 0.000 
3071.250 4749.025 2668.334 2579.100 0.355 0.645 0.021 0.000 
3071.500 4762.377 2682.296 2586.400 0.314 0.686 0.025 0.000 
3071.750 4725.426 2710.929 2596.200 0.369 0.631 0.029 0.000 
3072.000 4712.319 2768.456 2598.000 0.554 0.446 0.029 0.000 
3072.250 4737.176 2837.611 2591.200 0.752 0.248 0.031 0.000 
3072.500 4767.258 2884.401 2568.800 0.838 0.162 0.038 0.000 
3072.750 4777.962 2886.694 2540.200 0.854 0.146 0.049 0.000 
3073.000 4791.691 2880.839 2518.100 0.815 0.185 0.056 0.000 
3073.250 4779.813 2886.332 2532.400 0.785 0.215 0.049 0.000 
3073.500 4694.489 2885.651 2567.400 0.828 0.172 0.041 0.000 
3073.750 4570.251 2862.055 2571.800 0.894 0.106 0.051 0.000 
3074.000 4437.385 2817.284 2546.300 0.925 0.075 0.068 0.000 
3074.250 4348.333 2770.794 2530.400 0.925 0.075 0.075 0.000 
3074.500 4343.551 2723.983 2533.200 0.887 0.113 0.073 0.000 
3074.750 4408.736 2694.454 2536.000 0.836 0.164 0.069 0.000 
3075.000 4487.130 2724.175 2539.400 0.837 0.163 0.066 0.000 
3075.250 4545.765 2781.855 2560.600 0.868 0.132 0.059 0.000 
3075.500 4567.569 2802.573 2571.000 0.898 0.102 0.058 0.000 
3075.750 4570.054 2798.601 2547.600 0.879 0.121 0.064 0.000 
3076.000 4577.993 2799.118 2532.900 0.840 0.160 0.063 0.000 
3076.250 4606.527 2813.870 2535.000 0.801 0.199 0.058 0.000 
3076.500 4652.570 2841.718 2550.600 0.788 0.212 0.050 0.000 
3076.750 4664.852 2876.567 2578.900 0.798 0.202 0.042 0.000 
3077.000 4612.198 2885.249 2581.600 0.788 0.212 0.042 0.000 
3077.250 4514.158 2845.261 2579.100 0.835 0.165 0.045 0.000 
3077.500 4418.590 2760.237 2571.800 0.880 0.120 0.054 0.000 
3077.750 4357.677 2669.540 2530.200 0.847 0.153 0.074 0.000 
3078.000 4305.154 2615.282 2496.700 0.826 0.174 0.090 0.000 
3078.250 4293.136 2613.650 2500.500 0.856 0.144 0.090 0.193 
3078.500 4330.964 2657.920 2519.100 0.867 0.133 0.082 0.231 
3078.750 4351.234 2715.669 2534.000 0.872 0.128 0.073 0.152 
3079.000 4303.792 2725.172 2560.900 0.877 0.123 0.058 0.012 
3079.250 4202.741 2675.048 2570.500 0.895 0.105 0.056 0.000 
3079.500 4097.564 2611.006 2533.400 0.921 0.079 0.079 0.104 
3079.750 4086.576 2580.608 2486.300 0.923 0.077 0.107 0.354 
3080.000 4181.302 2590.496 2465.000 0.888 0.112 0.118 0.454 
3080.250 4301.572 2630.458 2467.200 0.869 0.131 0.111 0.428 
3080.500 4363.256 2646.918 2486.100 0.875 0.125 0.094 0.308 
3080.750 4338.771 2614.467 2509.000 0.890 0.110 0.077 0.097 
3081.000 4245.055 2571.621 2514.900 0.902 0.098 0.074 0.005 
3081.250 4165.640 2571.504 2498.000 0.894 0.106 0.085 0.118 
3081.500 4160.695 2644.226 2489.600 0.866 0.134 0.091 0.301 
3081.750 4264.522 2771.217 2524.400 0.876 0.124 0.078 0.324 
3082.000 4424.559 2880.892 2560.200 0.901 0.099 0.062 0.205 
3082.250 4476.145 2900.229 2526.700 0.929 0.071 0.069 0.060 
3082.500 4335.707 2768.243 2481.800 0.939 0.061 0.082 0.013 
3082.750 4141.894 2617.225 2458.200 0.951 0.049 0.096 0.126 
3083.000 4016.306 2536.746 2427.700 0.954 0.046 0.122 0.359 
3083.250 4012.149 2531.046 2409.400 0.962 0.038 0.141 0.471 
3083.500 4044.203 2560.614 2416.500 0.967 0.033 0.140 0.466 
3083.750 4045.037 2579.396 2439.100 0.965 0.035 0.126 0.401 
3084.000 4057.514 2589.692 2443.300 0.972 0.028 0.122 0.389 
3084.250 4120.846 2604.692 2427.500 0.973 0.027 0.133 0.504 
3084.500 4240.135 2663.384 2429.100 0.968 0.032 0.132 0.556 
3084.750 4324.055 2745.741 2448.400 0.958 0.042 0.112 0.439 
3085.000 4329.715 2799.286 2460.000 0.951 0.049 0.098 0.283 
3085.250 4328.161 2826.586 2461.200 0.931 0.069 0.101 0.335 
3085.500 4305.368 2741.256 2463.900 0.913 0.087 0.104 0.333 
3085.750 4147.927 2582.748 2483.600 0.934 0.066 0.101 0.257 
3086.000 3887.340 2454.843 2470.800 0.953 0.047 0.119 0.369 
3086.250 3715.054 2351.912 2418.300 0.956 0.044 0.156 0.547 
3086.500 3678.009 2295.875 2392.800 0.945 0.055 0.171 0.593 
3086.750 3678.150 2299.558 2398.000 0.944 0.056 0.164 0.545 
3087.000 3655.205 2321.631 2413.600 0.949 0.051 0.152 0.490 
3087.250 3652.462 2346.535 2422.300 0.955 0.045 0.149 0.486 
3087.500 3687.490 2355.154 2409.100 0.967 0.033 0.155 0.509 
3087.750 3755.109 2352.760 2396.700 0.955 0.045 0.158 0.516 
3088.000 3917.687 2397.886 2382.700 0.926 0.074 0.160 0.506 
3088.250 4172.814 2481.013 2365.600 0.878 0.122 0.155 0.481 
3088.500 4451.518 2565.884 2393.800 0.795 0.205 0.125 0.184 
3088.750 4653.726 2655.955 2456.800 0.691 0.309 0.085 0.000 
3089.000 4688.745 2702.112 2497.600 0.684 0.316 0.063 0.000 
3089.250 4565.617 2684.277 2525.300 0.751 0.249 0.058 0.000 
3089.500 4439.819 2636.622 2519.000 0.811 0.189 0.068 0.000 
3089.750 4393.169 2595.443 2492.600 0.821 0.179 0.079 0.000 
3090.000 4418.693 2603.238 2503.800 0.822 0.178 0.073 0.000 
3090.250 4487.081 2612.776 2521.800 0.796 0.204 0.064 0.000 
3090.500 4557.820 2612.164 2518.300 0.741 0.259 0.061 0.000 
3090.750 4608.737 2650.385 2527.600 0.653 0.347 0.054 0.000 
3091.000 4641.340 2696.481 2541.000 0.577 0.423 0.048 0.000 
3091.250 4653.300 2703.224 2549.200 0.606 0.394 0.047 0.000 
3091.500 4651.007 2690.546 2576.200 0.654 0.346 0.040 0.000 
3091.750 4685.811 2712.148 2594.200 0.672 0.328 0.034 0.000 
3092.000 4775.705 2751.924 2584.300 0.611 0.389 0.032 0.000 
3092.250 4832.669 2756.323 2580.000 0.493 0.507 0.028 0.000 
3092.500 4830.668 2776.655 2578.700 0.542 0.458 0.031 0.000 
3092.750 4798.083 2825.864 2588.800 0.718 0.282 0.033 0.000 
3093.000 4824.242 2878.851 2585.900 0.864 0.136 0.037 0.000 
3093.250 4844.879 2838.985 2544.500 0.848 0.152 0.050 0.000 
3093.500 4704.642 2648.900 2510.700 0.494 0.506 0.060 0.000 
3093.750 4484.382 2393.787 2476.000 0.008 0.992 0.084 0.000 
3094.000 4340.552 2237.967 2420.400 0.000 1.000 0.117 0.000 
3094.250 4326.702 2226.573 2466.000 0.000 1.000 0.095 0.000 
3094.500 4382.707 2239.110 2573.500 0.000 1.000 0.046 0.000 
3094.750 4413.061 2227.281 2614.000 0.000 1.000 0.024 0.000 
3095.000 4398.469 2213.011 2601.600 0.000 1.000 0.032 0.000 
3095.250 4335.992 2177.283 2542.200 0.000 1.000 0.055 0.000 
3095.500 4193.946 2134.967 2467.600 0.000 1.000 0.083 0.000 
3095.750 4075.810 2137.218 2460.100 0.000 1.000 0.089 0.000 
3096.000 4078.728 2189.882 2529.400 0.000 1.000 0.064 0.000 
3096.250 4158.665 2248.348 2603.500 0.000 1.000 0.033 0.000 
3096.500 4216.810 2268.985 2638.000 0.000 1.000 0.020 0.000 
3096.750 4236.502 2259.701 2629.600 0.000 1.000 0.025 0.000 
3097.000 4257.214 2257.223 2584.900 0.000 1.000 0.039 0.000 
3097.250 4356.912 2265.873 2531.400 0.000 1.000 0.050 0.000 
3097.500 4492.553 2270.320 2499.100 0.000 1.000 0.050 0.000 
3097.750 4513.427 2258.255 2480.800 0.000 1.000 0.053 0.000 
3098.000 4402.252 2220.465 2483.200 0.000 1.000 0.057 0.000 
3098.250 4279.364 2183.819 2538.400 0.000 1.000 0.044 0.000 

