Well B

1. Depth(m)
2. P-wave velocity(m/s)
3. S-wave velocity(m/s)
4. Density(g/cm^3)
5. Sand content
6. Shale content
7. Porosity
8. Gas saturation

1        2        3        4        5     6     7     8
3107.750 4555.488 2742.120 2612.000 0.782 0.218 0.043 0.000 
3108.000 4616.285 2680.606 2620.000 0.774 0.226 0.039 0.000 
3108.250 4544.731 2625.779 2565.500 0.690 0.310 0.061 0.000 
3108.500 4484.889 2610.771 2550.500 0.617 0.383 0.070 0.000 
3108.750 4539.412 2648.833 2656.500 0.600 0.400 0.034 0.000 
3109.000 4697.984 2745.190 2680.000 0.629 0.371 0.021 0.000 
3109.250 4893.166 2853.600 2712.500 0.692 0.308 0.002 0.000 
3109.500 5019.629 2880.454 2734.500 0.623 0.377 0.000 0.000 
3109.750 4967.835 2753.175 2684.500 0.379 0.621 0.004 0.000 
3110.000 4748.181 2539.182 2663.000 0.128 0.872 0.008 0.000 
3110.250 4473.504 2363.277 2584.500 0.066 0.934 0.052 0.000 
3110.500 4162.591 2259.670 2582.000 0.139 0.861 0.073 0.000 
3110.750 3961.923 2228.731 2613.500 0.113 0.887 0.070 0.000 
3111.000 3967.644 2262.322 2632.000 0.000 1.000 0.056 0.000 
3111.250 4089.762 2362.586 2643.500 0.000 1.000 0.044 0.000 
3111.500 4274.188 2507.739 2634.500 0.126 0.874 0.040 0.000 
3111.750 4506.918 2658.564 2631.000 0.405 0.595 0.037 0.000 
3112.000 4729.707 2797.650 2644.500 0.530 0.470 0.026 0.000 
3112.250 4833.873 2852.840 2639.000 0.511 0.489 0.026 0.000 
3112.500 4835.502 2834.506 2631.000 0.456 0.544 0.029 0.000 
3112.750 4785.480 2805.854 2646.500 0.443 0.557 0.026 0.000 
3113.000 4656.887 2785.986 2673.500 0.559 0.441 0.021 0.000 
3113.250 4532.873 2776.576 2649.500 0.692 0.308 0.034 0.000 
3113.500 4473.007 2775.889 2599.000 0.822 0.178 0.057 0.246 
3113.750 4408.550 2757.625 2573.000 0.870 0.130 0.068 0.280 
3114.000 4360.455 2733.633 2569.000 0.852 0.148 0.070 0.276 
3114.250 4395.726 2715.541 2559.500 0.786 0.214 0.074 0.105 
3114.500 4478.507 2678.672 2568.000 0.725 0.275 0.067 0.000 
3114.750 4611.560 2655.522 2619.500 0.712 0.288 0.042 0.000 
3115.000 4737.299 2687.244 2647.000 0.753 0.247 0.031 0.000 
3115.250 4744.338 2756.989 2641.000 0.771 0.229 0.035 0.000 
3115.500 4744.338 2815.334 2652.000 0.811 0.189 0.033 0.142 
3115.750 4615.992 2811.963 2631.500 0.867 0.133 0.046 0.302 
3116.000 4519.516 2785.170 2538.000 0.901 0.099 0.086 0.373 
3116.250 4419.370 2781.684 2505.500 0.864 0.136 0.097 0.304 
3116.500 4325.187 2761.280 2546.000 0.846 0.154 0.079 0.293 
3116.750 4229.002 2679.988 2555.000 0.902 0.098 0.079 0.422 
3117.000 4132.940 2571.224 2540.500 0.942 0.058 0.091 0.519 
3117.250 4054.806 2532.447 2562.500 0.940 0.060 0.084 0.526 
3117.500 4010.470 2544.387 2530.500 0.930 0.070 0.098 0.534 
3117.750 4038.164 2557.880 2484.500 0.918 0.082 0.118 0.547 
3118.000 4136.921 2577.646 2456.000 0.916 0.084 0.125 0.522 
3118.250 4274.544 2549.828 2490.500 0.908 0.092 0.103 0.432 
3118.500 4426.203 2464.102 2553.500 0.724 0.276 0.071 0.006 
3118.750 4496.508 2384.634 2585.000 0.322 0.678 0.051 0.000 
3119.000 4434.752 2331.932 2587.000 0.000 1.000 0.049 0.000 
3119.250 4351.280 2343.130 2569.500 0.000 1.000 0.068 0.000 
3119.500 4317.515 2400.249 2625.000 0.023 0.977 0.050 0.000 
3119.750 4310.211 2444.792 2670.000 0.165 0.835 0.024 0.000 
3120.000 4378.314 2464.010 2669.000 0.181 0.819 0.024 0.000 
3120.250 4473.678 2491.891 2591.500 0.149 0.851 0.059 0.000 
3120.500 4685.250 2532.168 2596.500 0.202 0.798 0.053 0.000 
3120.750 4875.858 2492.176 2636.000 0.248 0.752 0.025 0.000 
3121.000 4670.413 2366.214 2460.000 0.253 0.747 0.036 0.000 
3121.250 4314.170 2276.701 2096.000 0.141 0.859 0.116 0.000 
3121.500 4226.572 2301.670 2084.500 0.006 0.994 0.139 0.000 
3121.750 4355.929 2412.491 2366.500 0.037 0.963 0.071 0.000 
3122.000 4571.085 2526.988 2633.500 0.125 0.875 0.005 0.000 
3122.250 4664.292 2598.247 2665.500 0.033 0.967 0.017 0.000 
3122.500 4588.364 2642.106 2642.500 0.000 1.000 0.033 0.000 
3122.750 4514.541 2694.069 2651.000 0.123 0.877 0.026 0.000 
3123.000 4530.068 2697.178 2659.500 0.276 0.724 0.013 0.000 
3123.250 4564.393 2619.317 2642.000 0.236 0.764 0.022 0.000 
3123.500 4531.135 2572.265 2605.000 0.230 0.770 0.049 0.000 
3123.750 4483.773 2605.155 2546.000 0.347 0.653 0.084 0.000 
3124.000 4611.060 2726.694 2542.000 0.474 0.526 0.082 0.000 
3124.250 4936.590 2868.880 2581.500 0.482 0.518 0.050 0.000 
3124.500 5212.769 2932.405 2619.500 0.525 0.475 0.021 0.000 
3124.750 5290.534 2881.597 2666.000 0.509 0.491 0.004 0.000 
3125.000 5128.859 2751.451 2679.000 0.405 0.595 0.002 0.000 
3125.250 4901.281 2623.211 2629.500 0.237 0.763 0.033 0.000 
3125.500 4822.329 2559.736 2525.500 0.009 0.991 0.053 0.000 
3125.750 4839.041 2542.070 2501.500 0.000 1.000 0.039 0.000 
3126.000 4881.627 2526.342 2092.500 0.000 1.000 0.040 0.000 
3126.250 4740.529 2420.410 1627.500 0.000 1.000 0.066 0.000 
3126.500 4374.346 2262.438 1657.500 0.000 1.000 0.075 0.000 
3126.750 4088.306 2153.859 1898.000 0.000 1.000 0.092 0.000 
3127.000 4029.703 2133.315 2037.000 0.000 1.000 0.096 0.000 
3127.250 4121.180 2171.188 2158.000 0.000 1.000 0.073 0.000 
3127.500 4240.287 2214.834 2358.500 0.000 1.000 0.045 0.000 
3127.750 4324.394 2254.132 2427.000 0.000 1.000 0.059 0.000 
3128.000 4396.567 2291.764 2606.000 0.000 1.000 0.034 0.000 
3128.250 4485.947 2342.772 2711.500 0.000 1.000 0.002 0.000 
3128.500 4595.908 2394.417 2666.500 0.000 1.000 0.013 0.000 
3128.750 4674.065 2440.089 2644.500 0.032 0.968 0.023 0.000 
3129.000 4726.185 2487.557 2639.500 0.116 0.884 0.026 0.000 
3129.250 4781.768 2530.856 2655.000 0.179 0.821 0.020 0.000 
3129.500 4817.580 2562.861 2673.500 0.287 0.713 0.013 0.000 
3129.750 4848.470 2590.055 2657.500 0.392 0.608 0.017 0.000 
3130.000 4868.081 2614.481 2647.500 0.456 0.544 0.019 0.000 
3130.250 4866.037 2610.185 2657.000 0.479 0.521 0.014 0.000 
3130.500 4859.036 2589.920 2654.500 0.416 0.584 0.013 0.000 
3130.750 4856.767 2604.079 2640.500 0.387 0.613 0.019 0.000 
3131.000 4847.913 2646.132 2616.500 0.433 0.567 0.031 0.000 
3131.250 4811.980 2670.549 2627.500 0.453 0.547 0.029 0.000 
3131.500 4777.705 2694.524 2644.000 0.461 0.539 0.024 0.000 
3131.750 4764.471 2729.666 2656.500 0.493 0.507 0.021 0.000 
3132.000 4755.642 2767.278 2673.500 0.487 0.513 0.016 0.000 
3132.250 4763.556 2807.432 2665.500 0.436 0.564 0.015 0.000 
3132.500 4770.765 2844.281 2626.000 0.462 0.538 0.024 0.000 
3132.750 4723.056 2884.795 2609.000 0.482 0.518 0.029 0.000 
3133.000 4604.726 2940.413 2594.500 0.502 0.498 0.033 0.000 
3133.250 4506.975 2979.900 2562.500 0.577 0.423 0.051 0.000 
3133.500 4480.396 2946.841 2548.500 0.803 0.197 0.067 0.097 
3133.750 4481.320 2844.146 2507.500 0.950 0.050 0.083 0.339 
3134.000 4451.616 2836.747 2496.000 0.980 0.020 0.089 0.433 
3134.250 4412.191 2920.136 2508.500 0.977 0.023 0.086 0.448 
3134.500 4422.568 2945.140 2520.000 0.955 0.045 0.084 0.458 
3134.750 4439.243 2916.243 2519.000 0.918 0.082 0.091 0.488 
3135.000 4422.783 2887.521 2456.500 0.929 0.071 0.109 0.418 
3135.250 4347.325 2809.258 2445.000 0.938 0.062 0.099 0.251 
3135.500 4233.269 2660.019 2458.500 0.946 0.054 0.104 0.404 
3135.750 4135.277 2551.614 2422.000 0.951 0.049 0.143 0.575 
3136.000 4115.361 2549.082 2434.500 0.950 0.050 0.147 0.581 
3136.250 4124.150 2575.186 2435.500 0.947 0.053 0.141 0.492 
3136.500 4057.419 2572.452 2441.000 0.950 0.050 0.129 0.416 
3136.750 3958.938 2542.033 2453.000 0.958 0.042 0.128 0.428 
3137.000 3902.586 2515.382 2428.500 0.964 0.036 0.150 0.562 
3137.250 3949.318 2519.521 2359.500 0.963 0.037 0.191 0.667 
3137.500 4044.478 2544.729 2380.000 0.951 0.049 0.176 0.658 
3137.750 4108.890 2570.233 2429.500 0.926 0.074 0.133 0.489 
3138.000 4196.992 2652.854 2463.500 0.930 0.070 0.109 0.402 
3138.250 4331.681 2737.834 2441.500 0.954 0.046 0.124 0.456 
3138.500 4503.037 2736.466 2420.500 0.925 0.075 0.137 0.428 
3138.750 4707.586 2740.804 2412.500 0.806 0.194 0.132 0.287 
3139.000 4865.797 2779.099 2463.500 0.674 0.326 0.102 0.002 
3139.250 4936.222 2824.178 2587.000 0.621 0.379 0.054 0.000 
3139.500 4942.448 2846.634 2613.000 0.674 0.326 0.039 0.000 
3139.750 4910.495 2844.732 2612.500 0.683 0.317 0.039 0.000 
3140.000 4878.111 2843.545 2648.000 0.608 0.392 0.024 0.000 
3140.250 4860.105 2865.614 2674.000 0.609 0.391 0.015 0.000 
3140.500 4830.716 2893.550 2643.000 0.609 0.391 0.028 0.000 
3140.750 4761.394 2922.095 2616.500 0.577 0.423 0.037 0.000 
3141.000 4674.856 2923.889 2575.500 0.671 0.329 0.050 0.000 
3141.250 4585.002 2891.465 2538.000 0.808 0.192 0.053 0.000 
3141.500 4483.238 2841.762 2498.500 0.859 0.141 0.071 0.008 
3141.750 4335.133 2748.811 2438.000 0.899 0.101 0.095 0.146 
3142.000 4185.366 2610.063 2247.500 0.901 0.099 0.129 0.350 
3142.250 4151.479 2506.389 2301.500 0.861 0.139 0.119 0.299 
3142.500 4275.982 2499.207 2483.000 0.757 0.243 0.088 0.101 
3142.750 4490.114 2575.100 2608.500 0.557 0.443 0.045 0.000 
3143.000 4603.333 2689.232 2641.500 0.536 0.464 0.029 0.000 
3143.250 4620.325 2786.526 2626.000 0.602 0.398 0.030 0.000 
3143.500 4576.670 2814.669 2623.000 0.693 0.307 0.035 0.000 
3143.750 4491.020 2805.363 2619.500 0.826 0.174 0.042 0.000 
3144.000 4414.031 2795.956 2581.000 0.844 0.156 0.064 0.000 
3144.250 4337.368 2783.547 2576.000 0.820 0.180 0.068 0.000 
3144.500 4293.774 2789.511 2607.500 0.810 0.190 0.056 0.000 
3144.750 4316.259 2817.373 2571.500 0.805 0.195 0.072 0.000 
3145.000 4373.226 2782.893 2541.500 0.785 0.215 0.083 0.000 
3145.250 4343.025 2676.786 2514.000 0.815 0.185 0.093 0.000 
3145.500 4207.788 2623.840 2416.500 0.882 0.118 0.128 0.116 
3145.750 4084.498 2599.325 2426.000 0.898 0.102 0.132 0.134 
3146.000 4028.141 2519.329 2492.500 0.894 0.106 0.112 0.124 
3146.250 4063.297 2467.825 2448.500 0.901 0.099 0.130 0.154 
3146.500 4073.579 2491.124 2490.500 0.907 0.093 0.114 0.176 
3146.750 3992.981 2533.342 2565.000 0.889 0.111 0.083 0.152 
3147.000 3938.453 2523.939 2539.000 0.879 0.121 0.098 0.268 
3147.250 3967.354 2508.255 2460.500 0.895 0.105 0.139 0.374 
3147.500 4030.319 2530.593 2479.500 0.897 0.103 0.131 0.346 
3147.750 4087.501 2542.064 2547.000 0.879 0.121 0.093 0.175 
3148.000 4128.694 2493.959 2561.000 0.871 0.129 0.085 0.151 
3148.250 4181.231 2530.031 2559.000 0.860 0.140 0.084 0.119 
3148.500 4253.629 2683.841 2564.500 0.854 0.146 0.080 0.104 
3148.750 4262.281 2759.803 2566.000 0.808 0.192 0.075 0.069 
3149.000 4262.281 2687.525 2579.000 0.706 0.294 0.061 0.000 
3149.250 4240.230 2440.923 2551.500 0.501 0.499 0.053 0.000 
3149.500 4110.885 2168.193 2259.000 0.266 0.734 0.070 0.000 
3149.750 3959.747 2011.234 2179.000 0.160 0.840 0.085 0.000 
3150.000 3731.078 1932.839 2276.500 0.159 0.841 0.097 0.000 
3150.250 3639.490 1910.361 2250.500 0.031 0.969 0.092 0.000 
3150.500 3740.626 1987.905 2069.000 0.000 1.000 0.090 0.000 
3150.750 3893.182 2164.998 1906.500 0.000 1.000 0.084 0.000 
3151.000 4118.011 2391.575 1845.000 0.000 1.000 0.062 0.000 
3151.250 4458.214 2544.789 2282.500 0.000 1.000 0.018 0.000 
3151.500 4719.802 2685.182 2607.000 0.000 1.000 0.000 0.000 
3151.750 4860.681 2922.638 2435.000 0.000 1.000 0.002 0.000 
3152.000 4781.398 2926.044 2395.000 0.000 1.000 0.034 0.000 
3152.250 4351.454 2491.317 2316.500 0.000 1.000 0.070 0.000 
3152.500 3959.936 2156.882 2112.000 0.000 1.000 0.110 0.000 
3152.750 3902.457 2112.841 2028.500 0.000 1.000 0.107 0.000 
3153.000 4087.933 2145.913 2219.500 0.000 1.000 0.080 0.000 
3153.250 4247.602 2135.829 2338.000 0.000 1.000 0.084 0.000 
3153.500 4138.344 2099.941 2334.500 0.000 1.000 0.097 0.000 
3153.750 3896.889 2091.885 2390.500 0.013 0.987 0.098 0.000 
3154.000 3837.557 2151.939 2242.000 0.116 0.884 0.104 0.000 
3154.250 3985.584 2252.137 2069.500 0.090 0.910 0.093 0.000 
3154.500 4169.840 2351.420 2365.000 0.000 1.000 0.042 0.000 
3154.750 4281.563 2378.446 2424.000 0.000 1.000 0.030 0.000 
3155.000 4330.105 2303.844 2348.000 0.000 1.000 0.053 0.000 
3155.250 4262.629 2219.408 2303.000 0.016 0.984 0.078 0.000 
3155.500 4154.636 2199.714 2270.000 0.076 0.924 0.102 0.000 
3155.750 4071.450 2166.570 2235.000 0.025 0.975 0.100 0.000 
3156.000 3929.375 2122.483 2348.000 0.000 1.000 0.073 0.000 
3156.250 4046.649 2182.233 2533.000 0.057 0.943 0.047 0.000 
3156.500 4362.241 2328.218 2687.500 0.110 0.890 0.008 0.000 
3156.750 4495.320 2459.555 2664.000 0.189 0.811 0.017 0.000 
3157.000 4588.735 2537.525 2664.000 0.315 0.685 0.021 0.000 
3157.250 4654.039 2570.857 2688.000 0.329 0.671 0.009 0.000 
3157.500 4634.321 2589.184 2716.500 0.263 0.737 0.000 0.000 
3157.750 4627.164 2602.032 2717.500 0.254 0.746 0.001 0.000 
3158.000 4663.210 2611.344 2712.500 0.330 0.670 0.001 0.000 
3158.250 4702.656 2610.526 2702.500 0.432 0.568 0.006 0.000 
3158.500 4701.273 2596.808 2677.500 0.439 0.561 0.016 0.000 
3158.750 4677.941 2589.225 2665.500 0.402 0.598 0.020 0.000 
3159.000 4616.337 2588.939 2674.000 0.408 0.592 0.018 0.000 
3159.250 4539.230 2578.893 2675.000 0.431 0.569 0.019 0.000 
3159.500 4495.440 2559.052 2672.000 0.388 0.612 0.021 0.000 
3159.750 4462.589 2539.662 2651.000 0.315 0.685 0.029 0.000 
3160.000 4415.048 2535.438 2636.500 0.285 0.715 0.037 0.000 
3160.250 4377.208 2547.183 2640.000 0.209 0.791 0.036 0.000 
3160.500 4406.436 2565.188 2642.500 0.214 0.786 0.036 0.000 
3160.750 4491.942 2600.258 2614.500 0.255 0.745 0.046 0.000 
3161.000 4559.829 2642.543 2620.500 0.312 0.688 0.043 0.000 
3161.250 4623.270 2695.378 2658.000 0.429 0.571 0.025 0.000 
3161.500 4714.823 2759.845 2659.500 0.564 0.436 0.020 0.000 
3161.750 4786.571 2789.078 2657.000 0.585 0.415 0.020 0.000 
3162.000 4810.771 2779.872 2652.000 0.563 0.437 0.024 0.000 
3162.250 4778.977 2759.362 2645.000 0.595 0.405 0.029 0.000 
3162.500 4740.221 2750.526 2662.500 0.566 0.434 0.020 0.000 
3162.750 4758.343 2776.855 2664.000 0.474 0.526 0.015 0.000 
3163.000 4849.747 2794.865 2674.000 0.441 0.559 0.010 0.000 
3163.250 4975.990 2797.744 2667.500 0.436 0.564 0.013 0.000 
3163.500 5223.044 2838.182 2656.000 0.470 0.530 0.015 0.000 
3163.750 5436.815 2923.787 2579.500 0.364 0.636 0.000 0.000 
3164.000 5329.518 2924.428 2076.500 0.018 0.982 0.000 0.000 
3164.250 4856.763 2734.995 1602.000 0.000 1.000 0.089 0.000 
3164.500 4340.068 2548.388 1668.000 0.000 1.000 0.169 0.000 
3164.750 4109.739 2360.663 1936.500 0.176 0.824 0.158 0.000 
3165.000 3953.977 2115.002 2141.000 0.143 0.857 0.114 0.000 
3165.250 3811.218 1986.294 2155.000 0.000 1.000 0.076 0.000 

